100 0.050000 0.000500 0.000500 0.047520 449828
100 0.100000 0.001000 0.001000 0.090030 1044768
100 0.150000 0.001500 0.001500 0.129490 1344188
100 0.200000 0.002000 0.002000 0.163250 1728033
100 0.250000 0.002500 0.002500 0.195310 2180393
100 0.300000 0.003000 0.003000 0.221680 2456077
100 0.350000 0.003500 0.003500 0.247880 2890384
100 0.400000 0.004000 0.004000 0.268770 3244789
100 0.450000 0.004500 0.004500 0.287600 3507622
100 0.500000 0.005000 0.005000 0.304400 3894418
100 0.550000 0.005500 0.005500 0.320480 4139741
100 0.600000 0.006000 0.006000 0.330060 4498673
100 0.650000 0.006500 0.006500 0.340560 4681918
100 0.700000 0.007000 0.007000 0.347210 5006942
100 0.750000 0.007500 0.007500 0.358140 5174594
100 0.800000 0.008000 0.008000 0.360450 5440027
100 0.850000 0.008500 0.008500 0.365330 5637599
100 0.900000 0.009000 0.009000 0.368170 5854638
100 0.950000 0.009500 0.009500 0.368720 6096888
100 1.000000 0.010000 0.010000 0.366000 6299569
100 1.050000 0.010500 0.010500 0.369820 6434529
100 1.100000 0.011000 0.011000 0.367390 6645585
100 1.150000 0.011500 0.011500 0.367480 6740983
100 1.200000 0.012000 0.012000 0.363440 6916445
100 1.250000 0.012500 0.012500 0.358890 7076509
100 1.300000 0.013000 0.013000 0.354350 7242895
100 1.350000 0.013500 0.013500 0.354550 7317580
100 1.400000 0.014000 0.014000 0.349710 7452832
100 1.450000 0.014500 0.014500 0.342790 7598817
100 1.500000 0.015000 0.015000 0.339260 7714178
100 1.550000 0.015500 0.015500 0.334470 7812221
100 1.600000 0.016000 0.016000 0.326060 7915289
100 1.650000 0.016500 0.016500 0.319840 8002321
100 1.700000 0.017000 0.017000 0.313280 8129650
100 1.750000 0.017500 0.017500 0.307160 8194346
100 1.800000 0.018000 0.018000 0.299730 8299772
100 1.850000 0.018500 0.018500 0.294790 8336948
100 1.900000 0.019000 0.019000 0.289530 8416612
100 1.950000 0.019500 0.019500 0.282150 8491276
100 2.000000 0.020000 0.020000 0.272690 8585865
100 2.050000 0.020500 0.020500 0.268850 8639687
100 2.100000 0.021000 0.021000 0.261970 8699885
100 2.150000 0.021500 0.021500 0.253270 8767789
100 2.200000 0.022000 0.022000 0.247520 8824266
100 2.250000 0.022500 0.022500 0.240310 8883887
100 2.300000 0.023000 0.023000 0.234150 8920676
100 2.350000 0.023500 0.023500 0.228210 8989031
100 2.400000 0.024000 0.024000 0.221430 9019225
100 2.450000 0.024500 0.024500 0.213320 9060299
100 2.500000 0.025000 0.025000 0.206910 9125766
100 2.550000 0.025500 0.025500 0.200740 9144828
100 2.600000 0.026000 0.026000 0.196130 9186887
100 2.650000 0.026500 0.026500 0.189270 9234283
100 2.700000 0.027000 0.027000 0.182820 9255283
100 2.750000 0.027500 0.027500 0.177390 9289744
100 2.800000 0.028000 0.028000 0.172230 9313213
100 2.850000 0.028500 0.028500 0.167990 9344533
100 2.900000 0.029000 0.029000 0.162560 9365446
100 2.950000 0.029500 0.029500 0.156510 9406354
